
17.694


17.694


17.694


17.694


17.694


17.694


17.694


17.6937


17.4474


16.4018


14.1515


11.4748


8.56793


6.16227


4.81412


4.26317


3.74504


3.46766


3.10682


3.00997


2.98393


2.96752


2.95602


2.9352


2.91518


2.90523


2.89533


2.88652


2.87378


2.85285


2.83557


2.8281


2.82042


2.81216


2.80667


2.79958


2.79357


2.79307


2.78289


2.32085


1.87372


1.67116


1.50541


1.47579


1.25024


1.15593


1.09961


1.00123


0.972708


0.915031


0.71645


0.736615


0.688331


0.594679


0.552562


0.506574


0.464047


0.443218


0.451875


0.451875

