
23.6189


25.5896


24.5782


24.0417


24.3295


24.0213


24.5536


24.0702


24.557


23.9087


23.8016


21.1775


18.6849


15.8446


11.326


5.9328


6.98244


4.75455


8.2069


2.91102


3.42857


2.31621


1.74277


3.46605


3.56066


1.95298


2.05499


1.96252


2.96367


5.2285


4.63214


2.00572


2.13991


2.56151


1.70741


2.12688


2.03155


0.329619


3.23278


1.78315


2.05493


0.898972


1.32788


0.181994


1.59798


1.61165


1.13216


1.32606


0.533624


0.994948


1.65215


0.356401


0.875154


0.920411


0.582047


0.844362


0.28472


0.39174


0.616354


4.63675e-08

