
3.92 6.76 5.12 5.02 3.78 6.88 7.08 4.18 4.76 7.52  6.3  7.3 3.54 8.04 3.94 7.16


 4.6 8.28 5.18 6.04  3.2 6.18 7.62 4.46 5.68 8.02 7.32 8.76  2.5 8.48 2.98 7.84


4.16 6.86 5.54  5.2 3.68  6.8 7.58  4.6 4.94 8.38 7.36 7.22 3.32 8.14 3.12 7.46


3.68  6.1  4.9 4.84 3.28 6.84 7.54 4.18 5.62 8.56 6.52 7.66 2.62 8.14 3.54  7.5


4.06    7  5.1  5.5 3.64 6.52 8.02  4.2 4.68 8.04 6.46 7.48 2.98 8.12 3.84 7.66


 4.2 7.24 5.42  5.5 3.92  6.6 7.44 4.12 5.48 7.68  5.7 7.12 3.24 8.04 3.66 7.44


 4.2 7.22  5.2 5.26 3.48 6.98  7.4  4.1 4.86 8.12 6.66 8.06 3.32 8.04  3.4 7.74


3.56 6.46 4.68  5.2 3.14 7.22  7.2  5.1  5.4 7.66 6.22 7.46 2.74 8.24 3.78 8.02


   4 7.28 4.96 5.32 3.78 6.58 7.46  4.5 5.14 8.32  6.4 7.62 3.14 8.32  3.7 7.76


   3.62     6.2 5.05999    4.84    3.52 7.09996 7.43998 4.37999    5.26 7.57997 6.45998 7.53996 3.07999 8.17997    3.66 7.75996


4.09532 6.88909  5.1922 5.33376 3.69844 6.78909 7.06441 4.63688 4.53688 7.61065 6.07973 7.26753 3.29844 8.14285     3.6 7.56753


3.57564 6.35512 4.42163 4.90198 3.05983 5.70169  6.2499 4.58971 4.58819 6.99571 5.04716 6.68787 2.41655 7.02083 3.36336 6.56497


3.48553 5.89184 4.49828 4.63941 3.39098 5.23092 5.07486 3.09565 4.42918 5.77439 4.23951 5.36561 2.80968 5.89977 3.87769 5.37063


2.96063 5.05239 3.66758 3.98408  3.0872 4.15984 4.50203 3.43425 2.79316 4.54359 4.05086 4.51023 2.42108 4.87019 3.41328 4.70191


2.03515 3.51733 2.60354 3.00394 2.33934 3.02915 3.28008 2.14093 2.34599 3.31931 2.43464 3.14483 2.11449  3.5524 2.44745 3.24838


1.12594 1.90169 1.28854 1.47145 1.11378 1.62595  1.5947 1.40893 1.39259 1.62639 1.35511 1.61112 0.77569 1.80679  1.4931 1.72164


 1.3891 2.29214 1.64124 1.92446 1.55122 1.71384 1.82984 1.50925 1.64146 1.83663 1.58653 1.81479  1.1749 2.01411 1.58321 2.09342


0.888732  1.45659  1.13216  1.29093 0.973309  1.20546  1.36286  1.43297 0.889968  1.27686  1.17702  1.18175  1.03594  1.44535 0.797036  1.19701


1.92938 2.90531 2.35726 2.17513 1.88005 2.04802 1.98581 1.63381 1.34149 2.10595 1.46792 2.41574 1.92175 2.27786 1.47534 2.29707


0.601744 0.803939 0.742641 0.863028 0.882529 0.783967 0.843444 0.481811 0.361821 0.663571 0.762104 0.662651 0.561702 0.983478 0.702611 0.681742


 0.67532  1.09844  1.02567 0.896415  1.09002 0.791586 0.977482  0.40648 0.585986 0.771278 0.830987 0.827735  0.89594   1.0344 0.746907 0.746312


0.457535  0.75488 0.576358 0.615821  0.75615 0.316174 0.695789 0.477003 0.517171 0.376181 0.637166 0.415604 0.617299 0.575426 0.796412 0.395857


0.395142 0.555202 0.454194 0.537161 0.549618 0.332136 0.530247 0.274181 0.315436 0.248143 0.600492 0.232111 0.401743 0.518121 0.504399 0.222437


0.799025  1.17971 0.911631 0.891699  0.84864 0.816106 0.828406 0.523184  0.81373 0.911538 0.795084  1.08334 0.779198 0.927001 0.740064 0.835416


0.623935 0.914707  0.86999 0.919199   0.9856  0.77013  1.00427 0.801096 0.770097 0.703037 0.881665 0.856379 0.800855  1.11656  1.02211  1.05114


0.411757 0.610875 0.553708 0.500017 0.554733 0.501964 0.495621 0.339131 0.412658 0.561925 0.322077  0.38311 0.426499  0.51195 0.552222 0.555844


0.521452 0.802761 0.601241 0.502231 0.560615 0.362186 0.522125 0.245606  0.24039  0.52072 0.561648 0.502323 0.721688 0.482574 0.319443 0.402572


   0.444767    0.513069     0.58118    0.489263    0.897398    0.165723    0.441245    0.321124    0.296673 -0.00237706    0.609208   0.0973281    0.649208    0.493846     0.70916    0.213942


0.600292  1.02056 0.800275  0.78033 0.860209  0.82033 0.720301 0.460162 0.520269 0.680348 0.660219 0.760276 0.840142 0.780302 0.660314 0.700317


1.11362 1.62732 1.41856 1.42244 1.47697 1.29588 1.47309 1.33099 0.68481 1.08142 1.25208  1.4034 1.30942 1.33831 1.05065 1.35121


0.979364  1.55911  1.27969  1.25957  1.21966  1.21857  1.14032  0.80023 0.899841  1.20088 0.921232  1.10221  1.00078  1.40009 0.980173   1.3006


0.420004 0.660018 0.600002 0.480012  0.84001 0.460003 0.340021 0.260014 0.340006 0.320005 0.520013  0.28001 0.819994 0.460011 0.460015 0.240011


0.484977 0.740046 0.531522  0.60356 0.675111   0.4346 0.686249 0.549402 0.351558 0.414235 0.575388 0.429456 0.560516 0.475382 0.509132 0.349363


0.499655 0.852948 0.632883   0.6796 0.719651 0.659405 0.679514 0.539602 0.506105   0.5995 0.526277 0.599495 0.626379 0.652797 0.732727 0.639397


0.263808 0.426899 0.371785 0.414428 0.627438 0.366884 0.594379  0.29863 0.351573  0.26964  0.40951  0.24159  0.43234 0.477503 0.665129 0.320904


0.445858  0.49643 0.548487 0.524274 0.691833 0.369465 0.600973 0.473623 0.470387 0.411796 0.627452 0.401928 0.585438 0.689386 0.574022 0.456581


0.399216 0.615363   0.5157 0.484186 0.612889  0.47619 0.506561 0.409442 0.387427 0.430577 0.521271 0.616776 0.584633 0.532428 0.409517 0.530587


  0.0283811  -0.0345422 -0.00952283  -0.0099652    0.107977   -0.124458  -0.0269993   0.0142264 -0.00997839   -0.105325   0.0942483   -0.144469   0.0730153 -0.00827972    0.105049   -0.144908


 0.68372 0.807838 0.885618 0.796883 0.925694 0.765613  0.88752 0.574825 0.532769 0.725695 0.794823 0.958626 0.947678 0.996643 0.814746 0.658712


 0.40508 0.569892 0.486093 0.489715 0.407222 0.368115 0.569138 0.364596 0.523779 0.326668 0.406093   0.3277 0.264791 0.490293 0.609092 0.348726


0.449379 0.634027 0.592226 0.570613 0.710518 0.372041 0.607677 0.330185 0.325113 0.392518 0.389215 0.516511 0.567494  0.41196 0.692138 0.414828


 -0.117364  -0.214342   -0.11629 -0.0157531    0.10522  -0.476676  -0.216139 -0.0782873  -0.137801  -0.436727  -0.136827  -0.415216 0.00365915  -0.154729 0.00429692  -0.136777


0.410626 0.518434 0.518007 0.330851 0.385556  0.30951 0.216012 0.190189 0.214026  0.35655 0.223459 0.280383  0.43353 0.192072 0.195388 0.237297


 -0.0185865  -0.0349479  -0.0499314  -0.0108627  0.00140644  -0.0631389   0.0095961    0.031843  0.00142768  -0.0595212  -0.0077011   -0.118575 1.13142e-05  -0.0622041  -0.0267898  -0.0399746


0.340044 0.638389 0.467734 0.494274 0.573726  0.36883 0.383074 0.305262 0.325811 0.324161 0.310476  0.28883 0.418164 0.288833 0.430707 0.165267


-0.279984 -0.519975 -0.359984 -0.399983 -0.199985 -0.599983 -0.199986 -0.159989 -0.139987 -0.579984 -0.179989 -0.719985 -0.179988 -0.479986 -0.179989 -0.539982


 -0.168776  -0.428776  -0.288776  -0.296287  -0.153755       -0.4      -0.26  -0.116287 -0.0225316      -0.36 -0.0537552  -0.455021      -0.12  -0.350042      -0.14  -0.370042


-0.199524 -0.399207 -0.299629 -0.299577 -0.159788 -0.599524 -0.119735 -0.139736 -0.139683 -0.519524 -0.119894 -0.519524 -0.119788 -0.359735 -0.179736 -0.459524


-0.0599876  -0.219984  -0.119989  -0.159993 -0.0799912  -0.239984 -0.0599876 -0.0599947 -0.0599912  -0.199984 -0.0199929  -0.179988 -0.0399876  -0.119991 -0.0599876  -0.159986


 -0.159955    -0.3799  -0.199937  -0.239927  -0.139901  -0.399909  -0.119928  -0.119955 -0.0999457  -0.379936  -0.119954  -0.379945  -0.139954  -0.179955   -0.13991  -0.359954


-0.22  -0.4 -0.36  -0.3 -0.22 -0.66  -0.3 -0.18 -0.18  -0.6 -0.28 -0.68  -0.2 -0.58 -0.16  -0.6


 0.0871828   0.110619  0.0946278   0.032026  0.0705763   0.155387 0.00499721  0.0643743   0.038419   0.141374   0.029636   0.115468    0.13297 -0.0744813 -0.0110264  0.0698953


 -0.155814  -0.175808  -0.234421  -0.174418  -0.158604  -0.258606      -0.18 -0.0916333  -0.111633  -0.259999  -0.198605  -0.353027       -0.2  -0.348844      -0.12  -0.268844


 -0.179996  -0.339995  -0.179994  -0.239995  -0.119997   -0.35999 -0.0999963 -0.0999973 -0.0799967   -0.31999  -0.119997   -0.37999  -0.139996  -0.219993  -0.139995  -0.299991


-0.0948844  -0.202361  -0.122362  -0.139857  -0.117389   -0.23728  -0.129875   -0.10984 -0.0698402  -0.197281 -0.0698403  -0.182219 -0.0323805  -0.209839  -0.137319 -0.0972809


 0.301713  0.346692  0.272299  0.271096  0.202604  0.130085  0.115794  0.152025  0.135117  0.183213 0.0696097  0.160792    0.1578   0.12413  0.299226  0.217306


 -0.0117995  -0.0731359   -0.037138  -0.0527083  -0.0217693   -0.158856   0.0021183 -0.00092695  0.00336823   -0.133509  -0.0227048   -0.124503  0.00900996   -0.056033  -0.0448317  -0.0813788


-0.0390327 -0.0780352 -0.0780044 -0.0585183 -0.0390018  -0.175401  -0.038939 -0.0390001 -0.0390009   -0.17537 -0.0389699  -0.155884 -0.0390021  -0.116913 -0.0584881  -0.155915


 0.185615  0.310646  0.149739  0.170723 0.0897337  0.186539 0.0489961  0.041832  0.103553  0.167277 0.0236419  0.166129 0.0682573  0.143646  0.111213  0.214119


6.85411e-09 1.40353e-08 8.50646e-09 1.01499e-08 7.43528e-09 1.17219e-08 1.13471e-08 1.31202e-08 7.60913e-09 1.22471e-08  1.2588e-08 1.86027e-08 1.08733e-08 1.03923e-08 3.41496e-09 1.69328e-08

