
8.04 6.62 7.44 7.49 8.11 6.56 6.46 7.91 7.62 6.24 6.85 6.35 8.23 5.98 8.03 6.42


 6.89  4.55 6.145  5.98  7.31 5.015 4.555 6.795   6.2 4.235  5.02  4.16 7.605  3.86 7.285  4.46


6.19667 3.40667 5.22167 5.11333 6.69667 3.88167 3.29167 6.02833 5.37667 2.83833 3.79333 2.95667 7.05167 2.50333   6.765 3.21667


5.73667 2.64417 4.60917 4.50833 6.28667 3.02667 2.34917 5.50583 4.67417 1.76833 2.97833 1.99917 6.72417 1.48583  6.3225 2.27917


 5.33067  1.94417  4.09917  3.95833  5.92267  2.37467  1.54717  5.08583  4.20617 0.964333  2.33233  1.25117  6.42617 0.673833   5.9385  1.51317


   4.98067    1.34083     3.6475        3.5      5.596    1.82467   0.927167     4.7425     3.7495   0.324333    1.85733   0.657833    6.15617 0.00383344     5.6335   0.893167


  4.68067  0.825119   3.27607   3.12429   5.34743    1.3261  0.398595   4.44964   3.40236 -0.255667   1.38162 0.0821192   5.91902 -0.570452   5.39064   0.34031


   4.45817   0.421369    2.98357    2.79929    5.15118   0.874845 -0.0514047    4.13089    3.06486  -0.734417   0.992869  -0.384131    5.74777   -1.08545    5.15439   -0.16094


  4.23594 0.0169247   2.70802   2.50373   4.94118   0.50929 -0.465849   3.88089    2.7793  -1.19664  0.637314 -0.807464   5.57333  -1.54767   4.94884 -0.592051


  4.05494 -0.293075   2.45502   2.26173   4.76518  0.154292 -0.837848   3.66189    2.5163  -1.57564  0.314315  -1.18446   5.41933  -1.95667   4.76584  -0.98005


  3.86879 -0.606216   2.21901   2.01929   4.59707 -0.154303  -1.15896   3.45113   2.31008  -1.92158  0.037963   -1.5148    5.2694   -2.3268    4.6022  -1.32403


  3.71981 -0.871012   2.03477   1.81504   4.46957 -0.391874  -1.41937   3.25989   2.11891  -2.21306 -0.172335  -1.79347   5.16871  -2.61934   4.46206  -1.59757


  3.58575  -1.09762   1.86176    1.6366   4.33915 -0.593063  -1.61456   3.14082   1.94855  -2.43516 -0.335393  -1.99984   5.06065  -2.84625   4.31292  -1.80413


  3.48001  -1.27806   1.73078   1.49431    4.2289 -0.741629  -1.77534   3.01817    1.8488  -2.59743 -0.480067  -2.16092   4.97418  -3.02019   4.19102  -1.97206


  3.41217  -1.39531   1.64399   1.39418   4.15092   -0.8426  -1.88468   2.94681    1.7706  -2.70807 -0.561222  -2.26574    4.9037   -3.1386   4.10943  -2.08034


  3.37699  -1.45474   1.60373    1.3482   4.11611 -0.893411  -1.93451   2.90278   1.72708   -2.7589 -0.603569  -2.31609   4.87946  -3.19506   4.06278  -2.13414


  3.33613  -1.52215   1.55545   1.29159   4.07049 -0.943818  -1.98833   2.85839    1.6788  -2.81291 -0.650231  -2.36947    4.8449   -3.2543   4.01621  -2.19571


  3.31145  -1.56261     1.524   1.25574   4.04345 -0.977303  -2.02619   2.81859   1.65408  -2.84838 -0.682926  -2.40229   4.81612  -3.29445   3.99407  -2.22896


  3.26067  -1.63907   1.46197   1.19849   3.99398   -1.0312  -2.07845   2.77559   1.61878   -2.9038 -0.721556  -2.46587   4.76555  -3.35439   3.95525  -2.28941


  3.24563  -1.65917   1.44341   1.17692   3.97191   -1.0508  -2.09953   2.76354   1.60973  -2.92039 -0.740609  -2.48243   4.75151  -3.37898   3.93768  -2.30645


  3.24168  -1.66524   1.43706    1.1715   3.96495  -1.05568  -2.10606   2.76094   1.60641  -2.92495 -0.746499  -2.48804   4.74545  -3.38536    3.9333  -2.31071


  3.23911  -1.66925   1.43365   1.16795   3.96035  -1.05756  -2.11046   2.75809   1.60356  -2.92705 -0.750714  -2.49081   4.74149  -3.38875   3.92877  -2.31284


  3.23698  -1.67207   1.43108   1.16497   3.95715  -1.05944  -2.11367    2.7565   1.60191  -2.92837 -0.754427  -2.49236   4.73898  -3.39168   3.92603  -2.31395


  3.23288  -1.67777   1.42615   1.16028   3.95235  -1.06382  -2.11857   2.75362   1.59782  -2.93308 -0.759389  -2.49862    4.7343  -3.39666   3.92226  -2.31812


  3.22984  -1.68189   1.42162   1.15562   3.94703  -1.06781   -2.1242   2.74941   1.59411  -2.93654 -0.764624   -2.5035   4.72967  -3.40244   3.91718  -2.32324


   3.2279  -1.68458   1.41887    1.1532   3.94416  -1.07028  -2.12688    2.7477   1.59222  -2.93921 -0.766566  -2.50562    4.7273  -3.40496   3.91455  -2.32581


   3.2255  -1.68811   1.41597   1.15084   3.94136  -1.07203  -2.12961   2.74647   1.59119  -2.94162 -0.769606  -2.50826   4.72361  -3.40729   3.91312  -2.32759


  3.22351  -1.69026   1.41327    1.1486   3.93713  -1.07282  -2.13185   2.74495   1.58991  -2.94158 -0.772695  -2.50892   4.72042  -3.40959   3.90992  -2.32849


  3.22097  -1.69436   1.40968    1.1452   3.93314  -1.07647  -2.13537   2.74285   1.58778  -2.94448 -0.776118  -2.51262   4.71634  -3.41307   3.90712  -2.33139


 3.21639 -1.70063  1.40353  1.13917  3.92649 -1.08207 -2.14227  2.73703  1.58513 -2.94894 -0.78235 -2.51922  4.71011 -3.41886  3.90282 -2.33684


  3.21215  -1.70663   1.39752   1.13356   3.91995    -1.087  -2.14723    2.7337   1.58194  -2.95307 -0.786705  -2.52388   4.70433  -3.42447   3.89845  -2.34148


 3.21029 -1.70928   1.3946  1.13145  3.91527 -1.08882 -2.14855  2.73273  1.58074 -2.95382 -0.78937 -2.52481  4.69956 -3.42617  3.89629 -2.34169


   3.2082   -1.7121   1.39228   1.12882   3.91175  -1.09028  -2.15171   2.73019   1.57966   -2.9549 -0.792189  -2.52644   4.69647  -3.42771   3.89401  -2.34234


  3.20629   -1.7151   1.38966   1.12606   3.90819  -1.09271  -2.15452   2.72795   1.57798  -2.95665 -0.794502  -2.52876   4.69314   -3.4299   3.89071  -2.34426


  3.20537  -1.71637   1.38818   1.12442   3.90504  -1.09395  -2.15717   2.72679   1.57675  -2.95716 -0.796363  -2.52946   4.69088  -3.43163   3.88756  -2.34501


  3.20352  -1.71747   1.38567   1.12232   3.90091  -1.09471  -2.15972   2.72488   1.57514  -2.95773 -0.799585  -2.53058   4.68714  -3.43419   3.88475  -2.34577


  3.20201  -1.71932   1.38345   1.12051   3.89745  -1.09616  -2.16163   2.72337   1.57405  -2.95847 -0.802039  -2.53305   4.68358  -3.43574   3.88304  -2.34704


  3.20177  -1.71921   1.38338   1.12047   3.89657   -1.0955  -2.16161   2.72326   1.57402  -2.95788 -0.802712  -2.53223   4.68294  -3.43577   3.88227  -2.34619


  3.19881  -1.72033   1.37891    1.1174   3.88962  -1.09727   -2.1652    2.7213   1.57307  -2.95816 -0.807011    -2.536   4.67511  -3.43885   3.87786  -2.34593


  3.00047  -1.72742   1.27546   1.03397   3.29164 -0.750465  -2.22751    2.6035   1.50109  -2.66039    -1.283  -2.09048   4.23056  -3.52488    3.3469  -1.88445


  2.78818  -1.72136    1.1571  0.945884   2.63852 -0.382283  -2.29693   2.48196   1.43528   -2.3371  -1.79459  -1.63401   3.72897  -3.61442   2.78416  -1.38322


  2.68134  -1.71762   1.09936  0.901621   2.30714 -0.190817  -2.33037   2.41964   1.40143  -2.17033   -2.0557  -1.39574   3.47688  -3.66071   2.49735   -1.1275


   2.57973   -1.71714    1.04142   0.860659     2.0035 -0.0208999    -2.3614     2.3642    1.36967   -2.02202   -2.29199   -1.18281    3.24184    -3.6999    2.23877  -0.893966


  2.56097  -1.71663   1.03168  0.852963    1.9461 0.0122507  -2.36787    2.3529   1.36315   -1.9933  -2.33728  -1.14061   3.19802  -3.70739   2.18951 -0.849565


  2.39539  -1.71436  0.939903  0.784248   1.43962   0.29757  -2.42125   2.25847   1.30959  -1.74354  -2.73392  -0.78298   2.81022   -3.7758   1.75415 -0.458813


  2.31867  -1.71082  0.899302   0.75442    1.2031  0.435959  -2.44688   2.21375   1.28317  -1.62368  -2.92153  -0.60901   2.63001  -3.80737   1.54928 -0.273523


  2.26967  -1.70747  0.874637  0.736577    1.0556  0.522945  -2.46239   2.18569   1.26314  -1.54956  -3.04026 -0.499007   2.51724  -3.82622   1.42187 -0.157471


    2.173  -1.70719   0.82737   0.70569  0.791536   0.69017  -2.50924   2.13786   1.21325  -1.41554  -3.25081 -0.293238   2.31088  -3.85615   1.20234   0.05388


  2.14396  -1.70468  0.812874  0.696423  0.708114  0.741047  -2.52016   2.12233   1.20168  -1.37307   -3.3185 -0.231143   2.24618   -3.8675   1.13044  0.119502


  2.08213  -1.69923  0.782535   0.68074  0.551615  0.847787  -2.55837   2.09426   1.16038  -1.29125  -3.44578 -0.100252   2.12537  -3.89229   1.00266  0.250427


 1.92518 -1.68449 0.715045 0.642145 0.125461  1.13884 -2.60329  2.02743  1.08705 -1.04239 -3.75005 0.272091  1.78778 -3.88422 0.658558 0.628081


 1.93787 -1.68832 0.719546 0.646136 0.165253   1.1076 -2.59766  2.03342  1.09269 -1.06901 -3.71872 0.235181  1.81601 -3.87783 0.694013 0.591607


  1.91256  -1.68078  0.711337  0.640752 0.0816174   1.16931  -2.59859   2.02249    1.0872   -1.0139   -3.7791  0.313197   1.75411  -3.87625  0.622495  0.671963


   1.85949   -1.65933   0.691781   0.632291 -0.0939812        1.3   -2.60473    2.00073     1.0733  -0.899427   -3.90988   0.474093    1.62187   -3.88078   0.474442   0.839781


    1.822   -1.6591   0.67343  0.628592 -0.194775   1.35598  -2.58524   1.99134   1.07117 -0.849982  -3.97418  0.551791   1.52782  -3.84393  0.404661  0.925186


  1.76665  -1.66431   0.64188  0.622993 -0.354723   1.42304  -2.56106   1.97009   1.07419 -0.785615  -4.07381  0.660369   1.38658  -3.79213  0.289984   1.06422


  1.70996  -1.66544  0.613765  0.619456 -0.526067   1.50811  -2.53948   1.94616   1.07348 -0.707613  -4.18655  0.792191   1.24084  -3.74387  0.164049   1.22056


  1.63873  -1.66872  0.582652  0.616204 -0.736158    1.6214  -2.50826   1.91936   1.07253 -0.605903  -4.32621  0.964754    1.0637  -3.67875 0.0101602   1.41976


  1.68425  -1.66991  0.604134  0.615724  -0.59249   1.55107  -2.53278   1.93764   1.06966 -0.670693  -4.23233  0.851958   1.18655  -3.72773  0.114307   1.28517


  1.68425  -1.66991  0.604134  0.615724  -0.59249   1.55107  -2.53278   1.93764   1.06966 -0.670693  -4.23233  0.851958   1.18655  -3.72773  0.114307   1.28517

